backtest:
  train_years: 1.0
  test_years: 0.5
  step_value: 1.2080638174370466
  step_unit: years
  rebalance_freq: MS
  top_n: 10
  top_pct: 0.1
  transaction_cost: 0.0007253231114380306
